// Include file generated by Bullet Physics Playground

#declare oranges_trans=1.484; // the simulation didn't take into account the box ground height

object{orange scale 3.95
  matrix <-0.842089,-0.191966,-0.50402,
        0.305549,-0.939881,-0.152522,
        -0.44444,-0.28244,0.850118,
        11.0502,3.95,-21.0506>
  translate oranges_trans*y
}

object{orange scale 4
  matrix <0.378605,-0.570074,-0.729159,
        0.133166,-0.746058,0.65243,
        -0.915928,-0.344113,-0.206547,
        -2.62794,3.99999,-13.0013>
  translate oranges_trans*y
}

object{orange scale 3.85
  matrix <-0.537736,-0.519516,-0.664035,
        0.745999,0.0737962,-0.661846,
        0.392843,-0.851268,0.347875,
        11.15,3.84999,21.1506>
  translate oranges_trans*y
}

object{orange scale 3.85
  matrix <0.275171,-0.789784,0.548199,
        0.951647,0.142767,-0.272001,
        0.136558,0.596539,0.790881,
        11.15,3.85,13.4506>
  translate oranges_trans*y
}

object{orange scale 3.7
  matrix <0.160922,0.948576,-0.272596,
        0.889036,-0.259264,-0.377356,
        -0.428624,-0.181622,-0.885039,
        -11.0495,3.7,-21.3>
  translate oranges_trans*y
}

object{orange scale 3.55
  matrix <-0.120912,-0.949382,0.289922,
        -0.674998,-0.135515,-0.725268,
        0.727845,-0.28339,-0.624445,
        11.45,3.54994,6.06369>
  translate oranges_trans*y
}

object{orange scale 4
  matrix <0.397354,-0.846669,-0.353923,
        0.770258,0.098081,0.630145,
        -0.498811,-0.523003,0.691126,
        -2.72411,4.00002,-21>
  translate oranges_trans*y
}

object{orange scale 3.75
  matrix <-0.869693,-0.0954008,0.484286,
        -0.350572,0.810067,-0.469989,
        -0.347467,-0.578524,-0.737955,
        3.55135,3.75,21.25>
  translate oranges_trans*y
}

object{orange scale 3.9
  matrix <0.82368,-0.408697,-0.393087,
        -0.462053,-0.0818769,-0.883065,
        0.328721,0.90899,-0.25628,
        11.1006,3.8998,-13.2009>
  translate oranges_trans*y
}

object{orange scale 3.85
  matrix <0.972066,0.149555,0.180887,
        -0.204086,0.157983,0.966121,
        0.115912,-0.976051,0.184092,
        -4.16684,3.85001,21.1504>
  translate oranges_trans*y
}

object{orange scale 3.85
  matrix <-0.65096,0.50394,0.567711,
        0.299351,0.85767,-0.41808,
        -0.697596,-0.102209,-0.709164,
        -8.4875,3.85004,14.7777>
  translate oranges_trans*y
}

object{orange scale 3.9
  matrix <-0.614011,0.788783,-0.0285012,
        0.113988,0.124347,0.98567,
        0.781023,0.601963,-0.166262,
        4.20523,3.89999,-17.2082>
  translate oranges_trans*y
}

object{orange scale 3.5
  matrix <-0.749216,0.387337,0.537257,
        -0.378676,0.415004,-0.82727,
        -0.543396,-0.823251,-0.164252,
        -11.5,3.50001,21.5>
  translate oranges_trans*y
}

object{orange scale 3.95
  matrix <0.0533825,-0.951821,-0.301973,
        -0.989105,-0.0919475,0.114966,
        -0.137193,0.292545,-0.946359,
        -11.05,3.94999,7.4117>
  translate oranges_trans*y
}

object{orange scale 3.6
  matrix <-0.56445,-0.658894,-0.497248,
        0.408926,-0.746469,0.524941,
        -0.717061,0.0929654,0.690783,
        3.86727,3.60003,11.9037>
  translate oranges_trans*y
}

object{orange scale 3.7
  matrix <0.58616,-0.706842,-0.395969,
        -0.131508,-0.565258,0.814365,
        -0.799451,-0.425275,-0.424287,
        11.3001,8.57343,-7.21196>
  translate oranges_trans*y
}

object{orange scale 3.8
  matrix <-0.467905,0.208386,0.85886,
        0.726351,-0.462938,0.508038,
        0.503467,0.861547,0.0652494,
        10.1072,11.4284,21.2>
  translate oranges_trans*y
}

object{orange scale 3.8
  matrix <-0.846995,0.0651486,-0.527594,
        0.396743,0.738042,-0.545792,
        0.353829,-0.671602,-0.650965,
        -11.2,3.8,-2.8256>
  translate oranges_trans*y
}

object{orange scale 3.8
  matrix <-0.335012,-0.0438391,-0.941194,
        0.806011,-0.530669,-0.262177,
        -0.487969,-0.846444,0.213115,
        4.34427,3.79999,-9.51017>
  translate oranges_trans*y
}

object{orange scale 3.85
  matrix <-0.322951,0.907488,-0.268639,
        -0.925674,-0.361982,-0.109986,
        -0.197053,0.213152,0.956941,
        11.15,3.84999,-1.324>
  translate oranges_trans*y
}

object{orange scale 3.6
  matrix <-0.109861,-0.0855696,-0.990257,
        -0.88167,-0.45159,0.136836,
        -0.458899,0.888113,-0.0258322,
        -8.553,9.63341,19.4735>
  translate oranges_trans*y
}

object{orange scale 3.55
  matrix <0.639229,-0.741185,-0.205015,
        -0.656058,-0.386509,-0.648227,
        0.401216,0.548867,-0.733328,
        -11.45,3.54988,-14.0384>
  translate oranges_trans*y
}

object{orange scale 3.6
  matrix <-0.778359,-0.184484,-0.600102,
        0.0014297,0.955329,-0.295542,
        0.627817,-0.230896,-0.743325,
        -5.75531,10.9576,-21.4001>
  translate oranges_trans*y
}

object{orange scale 3.6
  matrix <-0.462,-0.88688,0.000621244,
        0.266202,-0.138004,0.953987,
        -0.845986,0.440908,0.299847,
        -2.51324,3.60002,8.56754>
  translate oranges_trans*y
}

object{orange scale 3.75
  matrix <0.435704,0.894156,0.103189,
        -0.224961,0.219183,-0.949395,
        -0.871525,0.390441,0.296649,
        -2.94382,3.74998,-4.70905>
  translate oranges_trans*y
}

object{orange scale 3.5
  matrix <-0.471917,0.627617,-0.619186,
        0.553321,-0.335933,-0.762224,
        -0.686389,-0.702315,-0.188741,
        3.86535,3.49998,-2.23223>
  translate oranges_trans*y
}

object{orange scale 3.5
  matrix <-0.855901,0.174442,-0.48683,
        -0.261484,0.666198,0.698431,
        0.446161,0.725086,-0.524586,
        11.5,11.3728,-21.5>
  translate oranges_trans*y
}

object{orange scale 3.8
  matrix <0.127318,0.664865,0.736033,
        -0.373664,-0.655247,0.656527,
        0.918785,-0.358617,0.165011,
        -11.2002,10.4054,11.917>
  translate oranges_trans*y
}

object{orange scale 3.5
  matrix <-0.681092,0.712296,0.169555,
        0.630498,0.688285,-0.358798,
        -0.372272,-0.13747,-0.917886,
        4.42569,3.5,4.78535>
  translate oranges_trans*y
}

object{orange scale 3.6
  matrix <0.212004,0.574425,-0.790627,
        -0.20075,-0.766165,-0.610483,
        -0.956428,0.288143,-0.0471144,
        -8.14243,7.02894,-8.73956>
  translate oranges_trans*y
}

object{orange scale 3.75
  matrix <0.138995,-0.407217,-0.902693,
        0.705464,0.680432,-0.198327,
        0.694983,-0.609251,0.381853,
        11.2501,11.4489,13.3615>
  translate oranges_trans*y
}

object{orange scale 3.95
  matrix <-0.209457,-0.975905,0.0611332,
        -0.665249,0.188044,0.722554,
        -0.716639,0.110675,-0.688607,
        -0.203945,9.96437,-8.33734>
  translate oranges_trans*y
}

object{orange scale 3.6
  matrix <0.451547,-0.0226653,-0.891959,
        -0.170068,-0.983536,-0.061103,
        -0.875889,0.179284,-0.447967,
        -5.68862,3.59999,2.10743>
  translate oranges_trans*y
}

object{orange scale 3.6
  matrix <-0.432795,-0.751296,-0.498241,
        -0.686019,-0.0840908,0.722708,
        -0.584865,0.654587,-0.479009,
        -0.13263,10.1082,21.4>
  translate oranges_trans*y
}

object{orange scale 3.85
  matrix <-0.3913,-0.539036,-0.745872,
        -0.420507,-0.616204,0.665933,
        -0.818571,0.574224,0.0144522,
        8.87282,10.4852,6.20767>
  translate oranges_trans*y
}

object{orange scale 3.95
  matrix <0.218214,-0.956191,0.195146,
        -0.675506,-0.00367654,0.737345,
        -0.704325,-0.292721,-0.646715,
        6.76328,10.2995,-1.29923>
  translate oranges_trans*y
}

object{orange scale 3.5
  matrix <-0.26142,-0.581325,-0.770533,
        -0.411023,0.789343,-0.456068,
        0.873338,0.197481,-0.445288,
        5.19126,8.90905,16.4277>
  translate oranges_trans*y
}

object{orange scale 3.5
  matrix <0.72349,-0.160414,-0.671438,
        0.437623,0.858796,0.266373,
        0.533898,-0.486556,0.691532,
        -11.5,9.74156,-17.4093>
  translate oranges_trans*y
}

object{orange scale 3.7
  matrix <0.437806,0.878094,-0.193069,
        -0.0954904,-0.168114,-0.981132,
        -0.893984,0.447982,0.0102482,
        -0.106989,8.25595,1.43328>
  translate oranges_trans*y
}

object{orange scale 4
  matrix <0.182096,-0.366844,0.912287,
        0.948602,0.309771,-0.0647816,
        -0.258835,0.877193,0.404397,
        -5.89259,9.98889,6.21705>
  translate oranges_trans*y
}

object{orange scale 3.7
  matrix <0.474272,-0.41047,0.778833,
        -0.82833,0.0916183,0.552699,
        -0.298222,-0.90726,-0.296552,
        -1.7373,7.23103,14.8524>
  translate oranges_trans*y
}

object{orange scale 3.7
  matrix <-0.264207,-0.644372,-0.71762,
        0.818435,-0.54344,0.186647,
        -0.510254,-0.538012,0.670957,
        -6.56906,9.62781,-1.91415>
  translate oranges_trans*y
}

object{orange scale 3.85
  matrix <-0.0154349,0.958191,-0.285715,
        0.998992,0.00273064,-0.0448098,
        -0.0421561,-0.286118,-0.957267,
        1.58275,9.87953,8.61028>
  translate oranges_trans*y
}

